12/07/2026 22:56:58, -15826641, -47987181, 4, 3.52, 3.33, N, 38.0, 27.1, -0.90, -6.86, 8.47, -0.02, -0.01, -0.02
12/07/2026 22:56:59, -15826628, -47987163, 3, 3.52, 2.07, N, 39.5, 26.9, -0.91, -6.87, 8.46, -0.02, -0.01, -0.02
12/07/2026 22:57:09, -15826624, -47987072, 3, 3.53, 5.67, N, 39.5, 26.9, -0.92, -6.87, 8.46, -0.02, -0.01, -0.01
12/07/2026 22:57:10, -15826672, -47987071, 3, 3.54, 8.56, N, 39.5, 26.9, -0.91, -6.87, 8.47, -0.02, -0.01, -0.02
12/07/2026 22:59:00, -15826542, -47986956, 3, 3.54, 0.74, N, 39.5, 26.9, -0.93, -6.87, 8.45, -0.02, -0.01, -0.01
12/07/2026 22:59:05, -15826582, -47986982, 3, 3.70, 2.37, N, 39.2, 26.9, -0.93, -6.88, 8.44, -0.02, -0.01, -0.02
12/07/2026 22:59:11, -15826637, -47987007, 3, 3.71, 2.67, N, 39.2, 26.9, -0.94, -6.87, 8.45, -0.02, -0.01, -0.02
12/07/2026 22:59:16, -15826640, -47987011, 4, 3.72, 9.56, N, 39.2, 26.9, -0.94, -6.88, 8.44, -0.02, -0.01, -0.02
12/07/2026 22:59:21, -15826629, -47986858, 3, 4.04, 9.83, N, 39.2, 26.9, -0.93, -6.87, 8.44, -0.02, -0.01, -0.02
12/07/2026 22:59:27, -15826599, -47986530, 4, 3.72, 10.82, N, 39.2, 26.9, -0.93, -6.88, 8.43, -0.02, -0.01, -0.01
12/07/2026 22:59:33, -15826642, -47986216, 4, 3.73, 7.61, N, 39.1, 26.9, -0.94, -6.87, 8.44, -0.02, -0.01, -0.02
12/07/2026 22:59:38, -15826703, -47986030, 4, 3.73, 8.07, N, 39.1, 26.9, -0.94, -6.88, 8.44, -0.02, -0.01, -0.01
12/07/2026 22:59:44, -15826427, -47985893, 4, 3.73, 24.80, E, 39.1, 26.9, -0.94, -6.87, 8.45, -0.02, -0.01, -0.01
12/07/2026 22:59:49, -15826533, -47985715, 4, 3.73, 4.24, E, 39.7, 27.0, -0.94, -6.87, 8.44, -0.02, -0.01, -0.02
12/07/2026 22:59:55, -15826909, -47985826, 4, 3.73, 16.61, SE, 39.7, 27.0, -0.93, -6.87, 8.44, -0.02, -0.01, -0.02
12/07/2026 23:00:00, -15826784, -47986179, 4, 3.73, 2.61, SE, 39.1, 26.9, -0.94, -6.88, 8.46, -0.02, -0.01, -0.01
12/07/2026 23:00:06, -15826790, -47986590, 4, 3.73, 3.44, SE, 39.1, 26.9, -0.93, -6.88, 8.45, -0.02, -0.01, -0.01
12/07/2026 23:00:11, -15826678, -47986662, 4, 3.73, 9.52, SE, 39.1, 26.9, -0.94, -6.87, 8.44, -0.02, -0.01, -0.02
12/07/2026 23:00:17, -15826743, -47986669, 4, 3.82, 6.93, E, 39.1, 26.9, -0.93, -6.87, 8.45, -0.02, -0.01, -0.02
12/07/2026 23:00:22, -15826715, -47986770, 4, 3.83, 4.67, E, 39.0, 26.9, -0.94, -6.87, 8.45, -0.02, -0.02, -0.02
12/07/2026 23:00:23, -15826707, -47986764, 4, 3.83, 5.70, E, 39.0, 26.9, -0.94, -6.89, 8.44, -0.02, -0.01, -0.02
12/07/2026 23:00:33, -15826573, -47986227, 3, 3.85, 16.50, E, 39.1, 26.9, -0.94, -6.87, 8.46, -0.02, -0.01, -0.01
12/07/2026 23:00:34, -15826592, -47986281, 3, 3.85, 12.45, E, 39.1, 26.9, -0.93, -6.87, 8.44, -0.02, -0.01, -0.02
12/07/2026 23:00:44, -15826710, -47985958, 4, 4.07, 37.32, ESE, 39.2, 26.9, -0.93, -6.88, 8.44, -0.02, -0.01, -0.01
12/07/2026 23:01:21, -15826798, -47987040, 4, 3.75, 6.41, ESE, 39.2, 26.9, -0.94, -6.88, 8.44, -0.02, -0.01, -0.01
12/07/2026 23:01:26, -15826824, -47987094, 4, 3.75, 10.07, NNE, 39.3, 26.9, -0.94, -6.89, 8.45, -0.02, -0.01, -0.01
12/07/2026 23:01:32, -15826861, -47987105, 3, 7.66, 4.15, NNE, 39.3, 26.9, -0.95, -6.88, 8.44, -0.02, -0.01, -0.02
12/07/2026 23:01:33, -15826920, -47987102, 4, 7.67, 9.95, NNE, 39.3, 26.9, -0.94, -6.89, 8.45, -0.02, -0.01, -0.02
12/07/2026 23:01:46, -15826970, -47987096, 3, 3.98, 0.67, NNE, 39.3, 26.9, -0.95, -6.88, 8.44, -0.02, -0.01, -0.02
12/07/2026 23:01:52, -15827022, -47987152, 3, 3.99, 2.19, NNE, 39.2, 26.9, -0.94, -6.88, 8.43, -0.02, -0.02, -0.02
12/07/2026 23:01:57, -15827006, -47987137, 4, 4.00, 5.32, NNE, 39.2, 26.9, -0.94, -6.87, 8.44, -0.02, -0.01, -0.01
12/07/2026 23:02:03, -15826894, -47987038, 4, 4.01, 4.74, NNE, 39.1, 26.9, -0.94, -6.88, 8.45, -0.02, -0.01, -0.02
12/07/2026 23:02:08, -15826770, -47986848, 4, 4.10, 14.59, NNE, 39.1, 26.9, -0.95, -6.88, 8.44, -0.02, -0.01, -0.01
12/07/2026 23:02:14, -15826692, -47986757, 4, 3.76, 10.65, ENE, 39.1, 26.9, -0.93, -6.88, 8.43, -0.02, -0.01, -0.02
12/07/2026 23:02:19, -15826739, -47986798, 4, 4.11, 4.24, ENE, 39.1, 26.9, -0.94, -6.88, 8.44, -0.02, -0.01, -0.01
12/07/2026 23:02:24, -15826761, -47986879, 3, 4.11, 8.02, ENE, 39.1, 26.9, -0.94, -6.88, 8.42, -0.01, -0.01, -0.01
